1415158274.38 0
4.35374403 1
4.35442399979 2
4.36149406433 3
4.37829589844 4
4.39505791664 5
4.41182088852 6
4.42867207527 7
4.4453189373 8
4.46206307411 9
4.47915887833 10
4.4955060482 11
4.51265692711 12
4.52954292297 13
4.54598903656 14
4.56269192696 15
4.57955789566 16
4.59637498856 17
4.61307287216 18
4.62979793549 19
4.64667487144 20
4.66338706017 21
4.68020510674 22
4.69689393044 23
4.71374297142 24
4.73044109344 25
4.74696493149 26
4.76371002197 27
4.78056502342 28
4.79729509354 29
4.81399202347 30
4.83085799217 31
4.84750103951 32
4.86441087723 33
4.88107609749 34
4.89779400826 35
4.91458797455 36
4.93131995201 37
4.94802498817 38
4.96488499641 39
4.98162198067 40
4.99840807915 41
5.01569890976 42
5.03328299522 43
5.04998397827 44
5.0667181015 45
5.08345603943 46
5.10015106201 47
5.11685299873 48
5.1338660717 49
5.15053510666 50
5.16735601425 51
5.18404889107 52
5.20095205307 53
5.2176759243 54
5.23411393166 55
5.25092506409 56
5.26774692535 57
5.2845749855 58
5.30157899857 59
5.31808304787 60
5.33478403091 61
5.35159993172 62
5.36838197708 63
5.38510489464 64
5.40177702904 65
5.41858100891 66
5.43541288376 67
5.45209908485 68
5.468791008 69
5.48562192917 70
5.50240087509 71
5.51896500587 72
5.535820961 73
5.55259394646 74
5.56935405731 75
5.5860979557 76
5.60279488564 77
5.61961507797 78
5.63639688492 79
5.65308308601 80
5.66984009743 81
5.68659591675 82
5.70328187943 83
5.71997404099 84
5.73679709435 85
5.75373101234 86
5.77034306526 87
5.78707408905 88
5.8038110733 89
5.82044100761 90
5.83737897873 91
5.85445594788 92
5.87099695206 93
5.88744688034 94
5.9042289257 95
5.92099404335 96
5.937748909 97
5.95462298393 98
5.97124290466 99
5.98806595802 100
6.00478291512 101
6.02160692215 102
6.0383079052 103
6.05506896973 104
6.07182097435 105
6.08847808838 106
6.10531806946 107
6.12190890312 108
6.13876509666 109
6.15562295914 110
6.17229294777 111
6.18896698952 112
6.20568394661 113
6.22257709503 114
6.23946690559 115
6.25595903397 116
6.27283596992 117
6.28950595856 118
6.30624890327 119
6.32308387756 120
6.33984398842 121
6.35651302338 122
6.37323999405 123
6.38987803459 124
6.40670394897 125
6.42345190048 126
6.44015789032 127
6.45690608025 128
6.47363710403 129
6.4905500412 130
6.50734710693 131
6.52408003807 132
6.54087400436 133
6.55760192871 134
6.57447099686 135
6.59118700027 136
6.60782289505 137
6.62457108498 138
6.6412229538 139
6.65796208382 140
6.67466688156 141
6.6924469471 142
6.70812487602 143
6.72495794296 144
6.74179506302 145
6.7586081028 146
6.77537703514 147
6.79224300385 148
6.80888009071 149
6.82550907135 150
6.84217500687 151
6.85895800591 152
6.87585806847 153
6.8925549984 154
6.91135001183 155
6.92603206635 156
6.94270706177 157
6.95941209793 158
6.97631192207 159
6.99305796623 160
7.00992894173 161
7.02659606934 162
7.0431330204 163
7.05993008614 164
7.07663106918 165
7.09330296516 166
7.11029410362 167
7.12693500519 168
7.14386606216 169
7.1606528759 170
7.17730808258 171
7.193983078 172
7.21082091331 173
7.22753095627 174
7.24433588982 175
7.2609910965 176
7.27784895897 177
7.29449796677 178
7.31142401695 179
7.32793807983 180
7.34473609924 181
7.36137199402 182
7.37832307816 183
7.39499902725 184
7.41171503067 185
7.42845010757 186
7.44525909424 187
7.46195006371 188
7.47921204567 189
7.49536895752 190
7.51216197014 191
7.52882194519 192
7.54576706886 193
7.5624370575 194
7.57929992676 195
7.59601902962 196
7.61281895638 197
7.62953400612 198
7.64623999596 199
7.66276907921 200
7.6795759201 201
7.69648098946 202
7.71338105202 203
7.73088598251 204
7.74674201012 205
7.76342010498 206
7.78012108803 207
7.79698610306 208
7.8141310215 209
7.83043789864 210
7.8472969532 211
7.86403989792 212
7.88075304031 213
7.89776206017 214
7.91436505318 215
7.93108391762 216
7.94788503647 217
7.96461296082 218
7.98140692711 219
7.99810194969 220
8.01485109329 221
8.03158307076 222
8.04829287529 223
8.06510305405 224
8.08182501793 225
8.09845590591 226
8.11533093452 227
8.13195490837 228
8.14883589745 229
8.16560292244 230
8.18224692345 231
8.19885110855 232
8.21569108963 233
8.23230099678 234
8.24930095673 235
8.26594996452 236
8.28259992599 237
8.29952597618 238
8.31637597084 239
8.33297991753 240
8.3497428894 241
8.36644291878 242
8.38324308395 243
8.39996695518 244
8.41678595543 245
8.43341398239 246
8.45022988319 247
8.4669880867 248
8.48385310173 249
8.50056004524 250
8.51736593246 251
8.53400206566 252
8.55082201958 253
8.56758904457 254
8.58435201645 255
8.60097408295 256
8.61786103249 257
8.6345179081 258
8.65133309364 259
8.66789197922 260
8.68487691879 261
8.70151400566 262
8.71837091446 263
8.73486089706 264
8.75186109543 265
8.76859307289 266
8.78535604477 267
8.80208492279 268
8.81887388229 269
8.83556008339 270
8.8523709774 271
8.86900401115 272
8.88587999344 273
8.90258097649 274
8.91929388046 275
8.93594694138 276
8.95286989212 277
8.96958494186 278
8.98633289337 279
9.00311589241 280
9.0199239254 281
9.03658604622 282
9.05330300331 283
9.07000303268 284
9.08685493469 285
9.10394692421 286
9.12006902695 287
9.13695406914 288
9.15383291245 289
9.17051696777 290
9.18716192245 291
9.20407605171 292
9.22078609467 293
9.23748493195 294
9.25424790382 295
9.27100300789 296
9.28760910034 297
9.3045759201 298
9.32134008408 299
9.33808088303 300
9.35482287407 301
9.371530056 302
9.38820004463 303
9.4049808979 304
9.4217979908 305
9.43856906891 306
9.45513892174 307
9.47238206863 308
9.48884296417 309
9.50549507141 310
9.5222120285 311
9.53890991211 312
9.55571007729 313
9.57252192497 314
9.58920788765 315
9.60591888428 316
9.62263894081 317
9.63948488235 318
9.6563038826 319
9.67288899422 320
9.68961691856 321
9.70651006699 322
9.72332191467 323
9.74004793167 324
9.75674390793 325
9.77352905273 326
9.79033303261 327
9.80703210831 328
9.82394695282 329
9.84043097496 330
9.85725092888 331
9.87395310402 332
9.89101791382 333
9.90751600266 334
9.92437791824 335
9.9411380291 336
9.95781993866 337
9.97460389137 338
9.99135494232 339
10.008245945 340
10.0249149799 341
10.0415110588 342
10.0583400726 343
10.0751330853 344
10.0924260616 345
10.1085929871 346
10.1251349449 347
10.1419398785 348
10.1587560177 349
10.1757409573 350
10.1922800541 351
10.2089109421 352
10.2257950306 353
10.2425589561 354
10.2593200207 355
10.2759709358 356
10.2928459644 357
10.3095850945 358
10.3263890743 359
10.343102932 360
10.3598549366 361
10.3767089844 362
10.3932850361 363
10.4100100994 364
10.4267649651 365
10.4436330795 366
10.4603641033 367
10.4770269394 368
10.4937639236 369
10.5105268955 370
10.527258873 371
10.5440249443 372
10.5607628822 373
10.5775239468 374
10.5942759514 375
10.6110219955 376
10.6277959347 377
10.6445388794 378
10.6613459587 379
10.6781480312 380
10.6948070526 381
10.7114310265 382
10.7282519341 383
10.7472889423 384
10.7616209984 385
10.7784049511 386
10.7952530384 387
10.8120338917 388
10.8287229538 389
10.8455700874 390
10.8624579906 391
10.8788750172 392
10.8956799507 393
10.9124839306 394
10.9293298721 395
10.9460721016 396
10.9627079964 397
10.9795260429 398
10.9963328838 399
11.0130660534 400
11.0297920704 401
11.0465540886 402
11.0633320808 403
11.080051899 404
11.0967819691 405
11.1135179996 406
11.1302440166 407
11.1469218731 408
11.1636040211 409
11.1802248955 410
11.1973180771 411
11.2139270306 412
11.2307159901 413
11.2473769188 414
11.2639579773 415
11.2809829712 416
11.2978210449 417
11.3144309521 418
11.3313069344 419
11.3480269909 420
11.3651928902 421
11.3815360069 422
11.398389101 423
11.4149610996 424
11.4317629337 425
11.4485499859 426
11.4652299881 427
11.4822070599 428
11.4986140728 429
11.51541996 430
11.5320770741 431
11.5490300655 432
11.5657100677 433
11.5824999809 434
11.5992290974 435
11.6160809994 436
11.6328470707 437
11.6494920254 438
11.6663138866 439
11.6829960346 440
11.7002279758 441
11.7161500454 442
11.7332689762 443
11.7498819828 444
11.7666420937 445
11.7833170891 446
11.8001670837 447
11.8168420792 448
11.8337500095 449
11.850564003 450
11.8672630787 451
11.8838748932 452
11.9007148743 453
11.9175319672 454
11.9342780113 455
11.9510409832 456
11.9676969051 457
11.9844090939 458
12.0011348724 459
12.0180640221 460
12.0347778797 461
12.0514290333 462
12.0683341026 463
12.0850028992 464
12.1017680168 465
12.1186499596 466
12.1350419521 467
12.1519019604 468
12.1687250137 469
12.1857180595 470
12.2023050785 471
12.2190768719 472
12.2358150482 473
12.2525138855 474
12.2693440914 475
12.2861459255 476
12.3028988838 477
12.3195259571 478
12.3361148834 479
12.3530490398 480
12.3697869778 481
12.3863019943 482
12.4032690525 483
12.4200780392 484
12.4367530346 485
12.4533970356 486
12.4704089165 487
12.487071991 488
12.5038208961 489
12.5205600262 490
12.5372591019 491
12.5541219711 492
12.5706720352 493
12.587567091 494
12.6044828892 495
12.6211071014 496
12.6376888752 497
12.6545729637 498
12.6712789536 499
12.6880838871 500
12.7047269344 501
