1417545563.87 3
0.00124001502991 21973
2.49352407455 3
2.49546194077 0
2.51006984711 1
2.54393601418 2
2.57745504379 3
2.61099004745 4
2.64466500282 5
2.67794108391 6
2.7115149498 7
2.74494600296 8
2.77842307091 9
2.81208086014 10
2.84567403793 11
2.87884306908 12
2.91251087189 13
2.94596791267 14
2.97971487045 15
3.01295900345 16
3.04640007019 17
3.08024692535 18
3.11364197731 19
3.14704203606 20
3.18054485321 21
3.21400594711 22
3.24750304222 23
3.2807700634 24
3.31438302994 25
3.34798693657 26
3.38121604919 27
3.41527485847 28
3.44846796989 29
3.48201799393 30
3.51571106911 31
3.54915595055 32
3.58286190033 33
3.61590194702 32
3.64950895309 33
3.68304491043 34
3.71637988091 35
3.75005197525 36
3.78352403641 37
3.81690096855 38
3.85054087639 39
3.8840918541 40
3.91751599312 41
3.95155000687 42
3.98460292816 43
4.01787090302 44
4.05156898499 45
4.08502006531 46
4.11856293678 47
4.15209007263 48
4.18558096886 49
4.21892499924 50
4.25245189667 51
4.28581404686 52
4.3193860054 53
4.35293197632 54
4.38659596443 55
4.39668297768 2
4.39865088463 32
4.41390299797 33
4.42844104767 56
4.44734692574 34
4.46212887764 57
4.48083090782 35
4.49547886848 58
4.51446986198 36
4.52885985374 59
4.54805207253 37
4.5624730587 60
4.58200097084 38
4.59590291977 60
4.61522388458 60
4.62954187393 61
4.64864802361 62
4.66282486916 62
4.68206000328 64
4.69640207291 63
4.71541786194 66
4.72982692719 64
4.74911999702 68
4.76335191727 65
4.78269195557 70
4.79693889618 66
4.8164999485 72
4.83045291901 67
4.84930706024 74
4.86391496658 68
4.88330388069 76
4.89749002457 69
4.91869688034 78
4.93094587326 70
4.95015287399 80
4.96440386772 71
4.98364400864 82
4.99808907509 72
5.01724290848 84
5.03296589851 73
5.05044388771 86
5.06652092934 74
5.08418893814 88
5.10004806519 75
5.11758494377 90
5.13342499733 76
5.15103387833 92
5.16689300537 77
5.18452095985 94
5.20034599304 78
5.21811795235 96
5.2338540554 79
5.25156903267 98
5.26735496521 80
5.28506207466 100
5.30085587502 81
5.31867098808 102
5.33449602127 82
5.35227584839 104
5.36796402931 83
5.38548707962 106
5.40143799782 84
5.41874790192 108
5.43483686447 85
5.45237708092 110
5.46843886375 86
5.4859380722 112
5.50189495087 87
5.51923799515 114
5.53536200523 88
5.55299687386 116
5.56894993782 89
5.58661103249 118
5.6025159359 89
5.62004303932 89
5.6359899044 90
5.65345788002 91
5.66958189011 91
5.68688392639 93
5.70281291008 92
5.7205119133 95
5.73660802841 93
5.75402998924 97
5.76995897293 94
5.78750801086 99
5.80336594582 95
5.82095599174 101
5.83709692955 96
5.85447001457 103
5.87041592598 97
5.88805603981 105
5.90394997597 98
5.92144393921 107
5.93746590614 99
5.95499300957 109
5.970952034 100
5.98830986023 111
6.0044438839 101
6.02210497856 113
6.0378370285 102
6.05532097816 115
6.07138085365 103
6.08941793442 117
6.10495400429 104
6.12244796753 119
6.13853096962 105
6.15594792366 121
6.17190599442 106
6.1895430088 123
6.20543789864 107
6.2138710022 1
6.21546506882 22023
6.22296190262 125
6.23068904877 89
6.23877191544 108
6.25638103485 127
6.27220892906 91
6.2726290226 109
6.29251098633 129
6.29801988602 93
6.30577301979 110
6.32345199585 131
6.3321518898 95
6.33930587769 111
6.35657095909 133
6.36543488503 97
6.37285399437 112
6.39043807983 135
6.39873290062 99
6.40636301041 113
6.42414593697 137
6.4323348999 101
6.43993401527 114
6.45805501938 139
6.46577000618 103
6.47353887558 115
6.4912750721 141
6.49933886528 105
6.50695800781 116
6.5245680809 143
6.53282594681 107
6.54043102264 117
6.5582549572 145
6.56635403633 109
6.57406306267 118
6.59162902832 147
6.59998893738 111
6.60751390457 120
6.62505888939 120
6.6333630085 120
6.64099287987 122
6.65865206718 121
6.66700601578 123
6.67444300652 123
6.69234800339 123
6.70051789284 126
6.70820093155 125
6.72576093674 124
6.73404192924 129
6.74139904976 126
6.75934100151 126
6.76751995087 132
6.77490592003 128
6.79266095161 127
6.80085706711 135
6.80847406387 129
6.82585096359 129
6.83455705643 138
6.84179806709 131
6.85928297043 130
6.86777997017 141
6.87538599968 132
6.89305090904 132
6.90136599541 144
6.90885996819 134
6.92660593987 133
6.93492102623 147
6.9424469471 135
6.9601919651 135
6.96843504906 150
6.97590899467 137
6.99353098869 136
7.00193405151 153
7.00937390327 138
7.02715802193 138
7.0354950428 156
7.04288101196 140
7.06071090698 139
7.06884598732 159
7.07639598846 141
7.09412407875 141
7.10233592987 162
7.10992407799 143
7.12754797935 142
7.13592195511 165
7.14325594902 144
7.16073799133 144
7.16911697388 168
7.1768040657 146
7.19447803497 145
7.20286393166 171
7.21043801308 147
7.22810101509 147
7.2363948822 174
7.24394202232 149
7.26156997681 148
7.26973390579 177
7.27735900879 150
7.29498386383 150
7.30334091187 180
7.3108458519 152
7.32860898972 151
7.33698987961 183
7.34441685677 153
7.36188697815 153
7.37035989761 186
7.37787103653 155
7.39775896072 154
7.40376901627 189
7.41130399704 156
7.42853403091 156
7.43736600876 192
7.44485092163 158
7.46253800392 157
7.47089290619 195
7.47838997841 159
7.49595594406 159
7.50426602364 198
7.51193094254 161
7.52940106392 160
7.53774499893 201
7.54527187347 162
7.5631070137 162
7.57123494148 204
7.57882189751 164
7.59664607048 163
7.60485005379 207
7.61238598824 163
7.63007688522 163
7.63839197159 163
7.64584207535 165
7.6635799408 164
7.67186784744 166
7.67941188812 166
7.69704794884 166
7.70547103882 169
7.71290302277 168
7.73053503036 167
7.73888492584 172
7.74649906158 169
7.76423287392 169
7.77244591713 175
7.78034496307 171
7.79738497734 170
7.80588793755 178
7.8133020401 172
7.83127498627 172
7.83934497833 181
7.84685707092 174
7.86440706253 173
7.87292695045 184
7.88036394119 175
7.89783906937 175
7.90638494492 187
7.91375398636 177
7.93146395683 176
7.93996596336 190
7.94742894173 178
7.96493291855 178
7.97315502167 193
7.98077702522 180
7.99830102921 179
8.0069000721 196
8.01442098618 181
8.03265094757 181
8.04042506218 199
8.04779195786 183
8.06544995308 182
8.07397389412 202
8.08180689812 184
8.09895205498 184
8.10734605789 205
8.11495399475 186
8.13292598724 185
8.14077186584 208
8.14832186699 187
8.16570186615 187
8.1745929718 211
8.18184304237 189
8.19947886467 188
8.20826888084 214
8.21547293663 190
8.23332691193 190
8.24138498306 217
8.24885606766 192
8.26582098007 0
8.26659607887 191
8.27017593384 163
8.27855205536 220
8.28696393967 193
8.29534292221 166
8.30370593071 193
8.3120059967 223
8.32039904594 195
8.32875204086 169
8.33716106415 194
8.34555006027 226
8.35387396812 196
8.36225390434 172
8.37065291405 196
8.3790268898 229
8.387403965 198
8.39573597908 175
8.40416789055 197
8.41278386116 232
8.42087006569 199
8.42925786972 178
8.43762898445 199
8.44602489471 235
8.45440101624 201
8.4628329277 181
8.47125291824 200
8.4795498848 238
8.48789691925 202
8.49625897408 184
8.50466704369 202
8.51308488846 241
8.52146196365 204
8.52980804443 187
8.53824090958 203
8.54661202431 244
8.55494785309 205
8.56331586838 190
8.5716919899 205
8.58004188538 247
8.58838796616 207
8.59675598145 193
8.60512185097 206
8.61351585388 207
8.62193393707 209
8.63026785851 206
8.63861894608 208
8.64704704285 210
8.65538287163 212
8.66373586655 216
8.6721060276 211
8.68049192429 213
8.68886184692 215
8.69723796844 226
8.7055978775 214
8.71399402618 217
8.72243094444 219
8.73072504997 236
8.73912191391 218
8.74751400948 220
8.75594186783 222
8.76425790787 246
8.77266192436 221
8.78099989891 223
8.78939294815 225
8.79773187637 256
8.80618596077 224
8.81464004517 227
8.82291698456 229
8.83154392242 266
8.8396730423 228
8.84804201126 230
8.85639095306 232
8.86474394798 276
8.87317991257 231
8.88151597977 233
8.88990402222 235
8.89826703072 286
8.90666103363 234
8.91513705254 237
8.92353796959 239
8.93192696571 296
8.94022297859 238
8.94859790802 240
8.95703005791 242
8.96529507637 306
8.97370100021 241
8.98210287094 243
8.99051690102 245
8.99880504608 316
9.00719285011 244
9.01553297043 247
9.02389907837 249
9.03225207329 326
9.04064202309 248
9.04903507233 250
9.05739402771 252
9.06575608253 336
9.07415795326 251
9.08255791664 253
9.0909640789 255
9.09930801392 346
9.10771799088 254
9.11602187157 257
9.12439894676 259
9.13281488419 356
9.1411459446 258
9.14950299263 260
9.15787291527 262
9.1662800312 366
9.17464590073 261
9.18300890923 263
9.19144701958 265
9.19976997375 376
9.20824503899 264
9.21654987335 267
9.22497487068 269
9.23327803612 386
9.24164295197 268
9.25006890297 270
9.25839996338 272
9.27118396759 396
9.27512192726 271
9.28350806236 273
9.29194688797 275
9.30030894279 406
9.30863785744 274
9.31699991226 277
9.32543206215 279
9.33376502991 416
9.34217905998 278
9.35051488876 280
9.35889601707 282
9.36725997925 426
9.37574195862 281
9.38403487206 283
9.39246702194 285
9.40075993538 436
9.4091398716 284
9.41752099991 287
9.42588400841 289
9.43427491188 446
9.44263601303 288
9.45098900795 290
9.45936608315 292
9.46776986122 456
9.47615194321 291
9.48455786705 293
9.49287605286 295
9.50132703781 466
9.50962996483 294
9.51801204681 297
9.5263800621 299
9.53474807739 476
9.54312396049 298
9.55149102211 300
9.55987286568 302
9.56830787659 486
9.57675600052 301
9.58505988121 303
9.59346485138 305
9.60191607475 496
9.61024308205 304
9.61851596832 302
9.62689089775 304
9.63523793221 301
9.64365386963 303
9.65206193924 306
9.66045093536 308
9.66880702972 305
9.67719006538 307
9.68552303314 310
9.69391989708 312
9.70229887962 309
9.71069192886 311
9.71900200844 314
9.72736597061 316
9.7358789444 313
9.74416899681 315
9.75253105164 318
9.76087999344 320
9.76924085617 317
9.7776119709 319
9.78599596024 322
9.79436302185 324
9.80274105072 321
9.81117296219 323
9.81962585449 326
9.82788801193 328
9.83623600006 325
9.84464287758 327
9.85305690765 330
9.86143803596 332
9.86979293823 329
9.87816500664 331
9.88654088974 334
9.89487886429 336
9.9032869339 333
9.91166806221 335
9.9200630188 338
9.92843294144 340
9.9368159771 337
9.9452149868 339
9.95353794098 342
9.9619948864 344
9.97029900551 341
9.97864103317 343
9.98703885078 346
9.99538588524 348
10.0038380623 345
10.0121519566 347
10.0205368996 350
10.0292859077 352
10.0376260281 349
10.0460209846 351
10.0544610023 354
10.0627880096 356
10.0711779594 353
10.0795109272 355
10.0879659653 358
10.0962820053 360
10.1046590805 357
10.1130430698 359
10.1214869022 362
10.1298570633 364
10.1382160187 361
10.1465668678 363
10.1549789906 366
10.1632809639 368
10.1716990471 365
10.1800479889 367
10.1884059906 370
10.1968588829 372
10.2052340508 369
10.2135429382 371
10.2219400406 374
10.2303369045 376
10.2387340069 373
10.2470569611 375
10.2553770542 378
10.2637970448 380
10.2722098827 377
10.280561924 379
10.2889318466 382
10.2972800732 384
10.3056979179 381
10.3140449524 383
10.3224799633 386
10.3307909966 388
10.339247942 385
10.3475830555 387
10.3559770584 390
10.3643529415 392
10.3727240562 389
10.3810830116 391
10.3894209862 394
10.3977620602 396
10.4061479568 393
10.4145259857 395
10.4228949547 398
10.431276083 400
10.4396760464 397
10.4480059147 399
10.4565770626 402
10.4647510052 404
10.473238945 401
10.4815239906 403
10.4898898602 406
10.4982478619 408
10.5070130825 405
10.5150220394 407
10.5233929157 410
10.5317680836 412
10.5402159691 409
10.548609972 411
10.5568809509 414
10.5652630329 416
10.5736188889 413
10.5820069313 415
10.5903739929 418
10.5987639427 420
10.6071219444 417
10.6155030727 419
10.6238808632 414
10.6322638988 416
10.640625 413
10.6490008831 415
10.6573710442 418
10.6657729149 420
10.6741120815 417
10.682502985 419
10.6908800602 422
10.6992480755 424
10.7076420784 421
10.716039896 423
10.7243790627 426
10.7327589989 428
10.7411608696 425
10.7494878769 427
10.7578690052 430
10.7662980556 432
10.7746748924 429
10.7831070423 431
10.7913930416 434
10.7997829914 436
10.8081419468 433
10.8165180683 435
10.8249139786 438
10.8333258629 440
10.8416779041 437
10.8500258923 439
10.8584520817 442
10.8668038845 444
10.8751790524 441
10.8835339546 443
10.8919298649 446
10.9002790451 448
10.9087259769 445
10.9170370102 447
10.9254460335 450
10.9337918758 452
10.9422299862 449
10.9505319595 451
10.9588999748 454
10.9672970772 456
10.9756610394 453
10.984044075 455
10.9924478531 458
11.0007998943 460
11.0092029572 457
11.017526865 459
11.025883913 462
11.034252882 464
11.042634964 461
11.0510149002 463
11.0593760014 466
11.067759037 468
11.0762419701 465
11.084485054 467
11.092911005 470
11.1012909412 472
11.1096220016 469
11.1179718971 471
11.1263740063 474
11.1347789764 476
11.1431958675 473
11.1514909267 475
11.1598658562 478
11.1682589054 480
11.1767098904 477
11.1850068569 479
11.1934318542 482
11.2018530369 484
11.2102069855 481
11.2185678482 483
11.2269070148 486
11.2353110313 488
11.2436380386 485
11.2520680428 487
11.2604570389 490
11.268807888 492
11.2771270275 489
11.2855648994 491
11.2938790321 494
11.302298069 496
11.3106799126 493
11.3190748692 495
11.3274400234 498
11.3358440399 500
11.3442120552 497
11.3525340557 499
11.3608920574 502
11.3692400455 504
11.3776140213 501
11.3860399723 503
11.3944129944 506
11.4027688503 508
11.411221981 505
11.4195559025 507
11.4279608727 510
11.4363179207 512
11.4446558952 509
11.4546039104 511
11.4613950253 514
11.4697539806 516
11.4781620502 513
11.4865889549 515
11.4948968887 518
11.5032329559 520
11.5116460323 517
11.5200889111 519
11.5283970833 522
11.5368709564 524
11.5452408791 521
11.5535459518 523
11.5619978905 526
11.5703239441 528
11.5787639618 525
11.5871369839 527
11.5953910351 530
11.6038100719 532
11.6121599674 529
11.6206459999 531
11.6289629936 526
11.6372768879 528
11.6456880569 525
11.6540150642 527
11.6624789238 530
11.6708638668 532
11.6792368889 529
11.6876199245 531
11.6959779263 534
11.704376936 536
11.7127029896 533
11.7210650444 535
11.7295460701 538
11.7378768921 540
11.7462470531 537
11.7545719147 539
11.7630119324 542
11.7713608742 544
11.7797620296 541
11.7881369591 543
11.7964539528 546
11.8048238754 548
11.8132610321 545
11.8216319084 547
11.8299679756 550
11.8383748531 552
11.8466720581 549
11.8551368713 551
11.8671300411 556
11.8717448711 553
11.8801438808 554
11.8885159492 555
11.8969068527 558
11.9052958488 560
11.9136860371 557
11.9220409393 559
11.9303748608 562
11.9387979507 564
11.947152853 561
11.9555809498 563
11.9639289379 566
11.972342968 568
11.9806609154 565
11.9890499115 567
11.9974009991 570
12.0057749748 572
12.0141649246 569
12.0225379467 571
12.0309209824 574
12.0393259525 576
12.0476870537 573
12.0560798645 575
12.0644490719 578
12.0729138851 580
12.081608057 577
12.0895800591 579
12.0979399681 582
12.1062738895 584
12.11470294 581
12.1230809689 583
12.1314768791 586
12.1398458481 588
12.148239851 585
12.1565899849 587
12.1649570465 590
12.173388958 592
12.1817100048 589
12.1900620461 591
12.198431015 594
12.2068400383 596
12.2151219845 593
12.2234959602 595
12.2318868637 598
12.2402629852 600
12.2486479282 597
12.2570660114 599
12.2654149532 602
12.2737660408 604
12.2822608948 601
12.2906010151 603
12.2989099026 606
12.3073580265 608
12.3157548904 605
12.3240449429 607
12.3324708939 610
12.3408179283 612
12.349241972 609
12.3576419353 611
12.3659629822 614
12.3743259907 616
12.3827059269 613
12.3910610676 615
12.3994419575 618
12.4078919888 620
12.4162049294 617
12.4245789051 619
12.4329879284 622
12.4413559437 624
12.4496679306 621
12.4581048489 623
12.4664180279 626
12.4747679234 628
12.4831459522 625
12.491517067 627
12.4998910427 630
12.5082478523 632
12.5166158676 629
12.5250039101 631
12.5333819389 634
12.5417439938 636
12.5501630306 633
12.5584979057 635
12.5668950081 638
12.5753240585 640
12.583701849 637
12.59207201 639
12.6004149914 642
12.6087660789 644
12.6172330379 641
12.625510931 643
12.6339049339 638
12.6422748566 640
12.6506829262 637
12.6590750217 639
12.6674370766 642
12.6757900715 644
12.6842529774 641
12.6925640106 643
12.7009720802 646
12.7092809677 648
12.7176759243 645
12.7259759903 647
12.7343678474 650
12.7427830696 652
12.7511379719 649
12.759510994 651
12.7678818703 654
12.7762520313 656
12.7846829891 653
12.7930259705 655
12.8013999462 658
12.8097779751 660
12.8181710243 657
12.8264889717 659
12.8348920345 662
12.8432719707 664
12.8516340256 661
12.8600430489 663
12.868407011 666
12.8767490387 668
12.885160923 665
12.8935389519 667
12.901902914 670
12.9102530479 672
12.918640852 669
12.9270019531 671
12.9353909492 674
12.9437379837 676
12.9521310329 673
12.9605669975 675
12.9688749313 678
12.9772939682 680
12.9856629372 677
12.9940040112 679
13.0023729801 682
13.0107588768 684
13.0191049576 681
13.0275008678 683
13.0358920097 686
13.0442728996 688
13.052685976 685
13.0610308647 687
13.0693969727 690
13.0777609348 692
13.0861308575 689
13.0945119858 691
13.1028609276 694
13.1112630367 696
13.1196799278 693
13.1279990673 695
13.1364350319 698
13.1448049545 700
13.1531119347 697
13.1614990234 699
13.1699540615 702
13.178278923 704
13.1866190434 701
13.1949970722 703
13.2033939362 706
13.2117440701 708
13.2202279568 705
13.2285370827 707
13.2369160652 710
13.2453079224 712
13.2536878586 709
13.2620170116 711
13.270442009 714
13.2788720131 716
13.2871890068 713
13.2955560684 715
13.3039050102 718
13.3122889996 720
13.3206849098 717
13.3290190697 719
13.3374540806 722
13.3458368778 724
13.354129076 721
13.3625559807 723
13.3708879948 726
13.3792629242 728
13.3876390457 725
13.3960239887 727
13.4043898582 730
13.4127569199 732
13.4211108685 729
13.4295709133 731
13.437942028 734
13.4462778568 736
13.4546580315 733
13.4630088806 735
13.4714028835 738
13.4797899723 740
13.4881498814 737
13.4964969158 739
13.5048818588 742
13.5132460594 744
13.5216648579 741
13.5300190449 743
13.5384960175 746
13.5468959808 748
13.5551729202 745
13.563546896 747
13.5719270706 750
13.580327034 752
13.5886480808 749
13.597028017 751
13.6053850651 754
13.613806963 756
13.6221349239 753
13.6306049824 755
13.6389560699 750
13.6473078728 752
13.6556749344 749
13.6640870571 751
13.6724159718 754
13.680893898 756
13.6891949177 753
13.6976130009 755
13.7058758736 758
13.7143139839 760
13.7226889133 757
13.7310369015 759
13.739440918 762
13.7477629185 764
13.756125927 761
13.7645058632 763
13.7728729248 766
13.7812628746 768
13.7896740437 765
13.7980189323 767
13.806388855 770
13.8148300648 772
13.8231320381 769
13.8316159248 771
13.8399279118 774
13.8482699394 776
13.8566250801 773
13.8650100231 775
13.8734509945 778
13.8817980289 780
13.890212059 777
13.8985669613 779
13.9068980217 782
13.9152600765 784
13.9236199856 781
13.9320049286 783
13.9404230118 786
13.9488089085 788
13.9572138786 785
13.9655480385 787
13.9739148617 790
13.9823150635 792
13.9907419682 789
13.999049902 791
14.0074250698 794
14.0157949924 796
14.0241780281 793
14.0325620174 795
14.0409200191 798
14.0493278503 800
14.0576970577 797
14.0660219193 799
14.0743870735 802
14.0827629566 804
14.091176033 801
14.0995929241 803
14.1078770161 806
14.1162719727 808
14.1246709824 805
14.1330430508 807
14.1414148808 810
14.1497619152 812
14.1581828594 809
14.1715369225 816
14.1749238968 814
14.1900980473 813
14.2049839497 820
14.2071368694 818
14.2236189842 817
14.2384400368 824
14.2402100563 822
14.2570710182 821
14.2720899582 828
14.273747921 826
14.2905859947 825
14.3054070473 832
14.3071320057 830
14.3241369724 829
14.3389499187 836
14.3406770229 834
14.3575780392 833
14.3724989891 840
14.3742799759 838
14.3911159039 837
14.4058940411 844
14.4077570438 842
14.4245479107 841
14.4397418499 848
14.4463438988 846
14.4582519531 845
14.4728150368 852
14.4747579098 850
14.4915189743 849
14.5062298775 856
14.5083749294 854
14.5252308846 853
14.5397949219 860
14.541629076 858
14.5730919838 857
14.5734548569 864
14.5752029419 862
14.5920050144 861
14.6068949699 868
14.608620882 866
14.6256289482 865
14.6404659748 872
14.6422798634 870
14.659183979 811
14.6738400459 814
14.6759619713 812
14.6927719116 815
14.7080800533 819
14.7091369629 817
14.726088047 816
14.7409799099 824
14.7429208755 822
14.7620089054 820
14.7743880749 829
14.7762858868 827
14.7930190563 821
14.8082690239 834
14.8096618652 832
14.8265938759 825
14.8412559032 839
14.8431479931 837
14.8600959778 826
14.874822855 844
14.8768360615 842
14.8935248852 830
14.9085688591 849
14.9102900028 847
14.9271409512 831
14.9419369698 854
14.9436378479 852
14.9606440067 835
14.9754509926 859
14.977093935 857
14.9941999912 836
15.0092198849 864
15.0106730461 862
15.0277409554 840
15.0426490307 869
15.0441849232 867
15.0609750748 841
15.0759570599 874
15.0778520107 872
15.0946879387 845
15.1093130112 879
15.1111159325 877
15.1282560825 846
15.1433758736 884
15.1447980404 882
15.1617350578 850
15.1769070625 889
15.1782879829 887
15.1951189041 851
15.2104690075 894
15.211796999 892
15.2285618782 855
15.243888855 899
15.2453570366 897
15.2621359825 856
15.2775309086 904
15.2787780762 902
15.2955598831 860
15.3109278679 909
15.3121919632 907
15.3289859295 861
15.344399929 914
15.3458399773 912
15.3624949455 865
15.3778340816 919
15.3793079853 917
15.3961138725 866
15.4114608765 924
15.4129889011 922
15.4295859337 870
15.4447538853 929
15.4463119507 927
15.4631068707 871
15.4787490368 934
15.479724884 932
15.4965438843 875
15.5113358498 939
15.5132000446 937
15.5302560329 876
15.5448989868 944
15.5468008518 942
15.5636720657 880
15.5784058571 949
15.5802819729 947
15.5971319675 881
15.6119198799 954
15.6137449741 952
15.6306459904 885
15.6453809738 959
15.6471579075 957
15.6640758514 823
15.6790509224 825
15.6806819439 824
15.6977219582 826
15.7124180794 828
15.7142109871 827
15.7309858799 829
15.7458548546 831
15.7478158474 830
15.7646420002 832
15.7791519165 834
15.7811949253 833
15.7980780602 835
15.8126819134 837
15.8147549629 836
15.8319840431 838
15.8464279175 840
15.8483150005 839
15.8651850224 841
15.8799538612 843
15.881775856 842
15.8986458778 844
15.9135239124 846
15.9151389599 845
15.9319560528 847
15.9470160007 849
15.9487290382 848
15.9656310081 850
15.980643034 852
15.9824199677 851
15.99909091 853
16.01405406 855
16.0158309937 854
16.0326230526 856
16.0474779606 858
16.0493700504 857
16.0661399364 859
16.080862999 861
16.0826718807 860
16.0996880531 862
16.1143610477 864
16.1161389351 863
16.1330659389 865
16.1479408741 867
16.1497550011 866
16.1665439606 868
16.1813418865 870
16.1832399368 869
16.2000780106 871
16.2151150703 873
16.2167348862 872
16.2336058617 874
16.2485818863 876
16.2510330677 875
16.2678980827 877
16.2820689678 879
16.2845609188 878
16.3013050556 880
16.3154768944 882
16.3181278706 881
16.3353729248 883
16.348788023 885
16.3515129089 884
16.3683960438 886
16.3823280334 888
16.3849959373 887
16.4019169807 889
16.4158539772 891
16.4185760021 890
16.4352810383 892
16.4493339062 894
16.4520819187 893
16.4689319134 895
16.4830849171 897
16.4856510162 896
16.5024859905 898
16.5163869858 900
16.5190370083 899
16.5358390808 901
16.5498468876 903
16.5524330139 902
16.5693020821 904
16.5835180283 906
16.5859429836 905
16.6027429104 907
16.616765976 909
16.6194250584 908
16.6363279819 910
16.6504938602 912
16.6529459953 911
16.6695990562 908
16.6842000484 910
16.6864509583 909
16.7032270432 911
16.7174830437 913
16.719974041 912
16.7368688583 914
16.7511339188 916
16.7535190582 915
16.7704648972 917
16.7843749523 919
16.7869648933 918
16.8039989471 920
16.8180198669 922
16.8205468655 921
16.8373918533 923
16.8514389992 925
16.8539710045 924
16.8708889484 926
16.884898901 928
16.8875479698 927
16.9041399956 929
16.9185869694 931
16.9209320545 930
16.9377379417 932
16.9520008564 934
16.9544939995 933
16.9713828564 935
16.9854369164 937
16.9880030155 936
17.0049569607 938
17.0189938545 940
17.0214629173 939
17.0383498669 941
17.052521944 943
17.0551578999 942
17.0719630718 944
17.0860998631 946
17.0884859562 945
17.1053860188 947
17.1196198463 949
17.1220898628 948
17.1389348507 950
17.1528699398 952
17.1555979252 951
17.1724669933 953
17.1864929199 955
17.189068079 954
17.2058770657 956
17.2200229168 958
17.2226669788 957
17.2393620014 959
17.2535870075 961
17.2560920715 960
17.2729458809 962
17.2868869305 964
17.2894649506 963
17.3063359261 965
17.3204460144 967
17.3229999542 966
17.340004921 968
17.3539509773 970
17.356525898 969
17.3734898567 971
17.3874268532 973
17.3901629448 972
17.4069759846 974
17.4208910465 976
17.4235360622 975
17.4403820038 977
17.4544110298 979
17.4574429989 978
17.4739480019 980
17.4881279469 982
17.4907028675 981
17.5074779987 983
17.5216839314 985
17.5243148804 984
17.5444829464 986
17.5549879074 988
17.5635280609 987
17.5743849277 989
17.5883698463 991
17.5910260677 990
17.6076829433 992
17.6217088699 994
17.6245219707 993
17.6414070129 995
17.6555819511 997
17.6581230164 996
17.6754050255 993
17.6890480518 995
17.6915860176 994
17.7084438801 996
17.722509861 998
17.7250249386 997
17.7418079376 999
17.7560420036 1001
17.7585160732 1000
17.7753379345 1002
17.7896630764 1004
17.7919778824 1003
17.808836937 1005
17.8230149746 1007
17.8254790306 1006
17.8424530029 1008
17.8565719128 1010
17.8589959145 1009
17.8758640289 1011
17.8900258541 1013
17.8925180435 1012
17.9092469215 1014
17.9236278534 1016
17.9259278774 1015
17.9429950714 1017
17.9573359489 1019
17.961466074 1018
17.9762990475 1020
17.9903428555 1022
17.9930109978 1021
18.0097429752 1023
18.0240609646 1025
18.0266489983 1024
18.0435059071 1026
18.0575640202 1028
18.0601439476 1027
18.0767838955 1029
18.0909719467 1031
18.0934300423 1030
18.1103930473 1032
18.1244020462 1034
18.1271300316 1033
18.1439809799 1035
18.16097188 1037
18.1611070633 1036
18.1774230003 1038
18.1915030479 1040
18.1940150261 1039
18.2110190392 1041
18.2249000072 1043
18.2275979519 1042
18.2444059849 1044
18.2584559917 1046
18.2611050606 1045
18.2778658867 1047
18.2920119762 1049
18.2946629524 1048
18.311426878 1050
18.3253550529 1052
18.3280858994 1051
18.3449759483 1053
18.3590009212 1055
18.3616268635 1054
18.3786320686 1056
18.3924820423 1058
18.3951530457 1057
18.4120929241 1059
18.4260530472 1061
18.4285418987 1060
18.445458889 1062
18.4595530033 1064
18.4620940685 1063
18.4789369106 1065
18.4930200577 1067
18.497923851 1066
18.5122220516 1068
18.5264708996 1070
18.5290288925 1069
18.5457439423 1071
18.5599370003 1073
18.5625629425 1072
18.5792059898 1074
18.5935339928 1076
18.5960679054 1075
18.6128690243 1077
18.6269900799 1079
18.6295390129 1078
18.6463198662 1080
18.6610488892 1082
18.6631350517 1081
18.6798188686 1078
18.6940259933 1080
18.6966040134 1079
18.7134430408 1081
18.7274620533 1083
18.7301518917 1082
18.7470030785 1084
18.7609279156 1086
18.763671875 1085
18.7803828716 1087
18.7945830822 1089
18.7969958782 1088
18.8139150143 1090
18.8281619549 1092
18.8305130005 1091
18.8474988937 1093
18.8614549637 1095
18.8641078472 1094
18.880795002 1096
18.8952548504 1098
18.8975319862 1097
18.9142849445 1099
18.9284548759 1101
18.9310019016 1100
18.9480130672 1102
18.9621529579 1104
18.9644200802 1103
18.9812860489 1105
18.9954400063 1107
18.9979939461 1106
19.014854908 1108
19.0291719437 1110
19.0314750671 1109
19.0483648777 1111
19.0625009537 1113
19.0649609566 1112
19.0822529793 1114
19.0960578918 1116
19.0985898972 1115
19.1154119968 1117
19.1295030117 1119
19.1321249008 1118
19.1490380764 1120
19.1628148556 1122
19.1655440331 1121
19.1824529171 1123
19.196418047 1125
19.1990878582 1124
19.2157349586 1126
19.2296249866 1128
19.2327258587 1127
19.2492668629 1129
19.2632880211 1131
19.2660529613 1130
19.2829170227 1132
19.2970118523 1134
19.2994940281 1133
19.3162930012 1135
19.3305239677 1137
19.3331148624 1136
19.3497710228 1138
19.3640658855 1140
19.3665990829 1139
19.3833138943 1141
19.3974099159 1143
19.400083065 1142
19.4168589115 1144
19.4307608604 1146
19.4333879948 1145
19.4502198696 1147
19.4644260406 1149
19.4670028687 1148
19.4837369919 1150
19.4979300499 1152
19.5004739761 1151
19.5172820091 1153
19.5322520733 1155
19.5385448933 1154
19.5507688522 1156
19.5649878979 1158
19.567553997 1157
19.5845060349 1159
19.5983860493 1161
19.600894928 1160
19.6177768707 1162
19.6319298744 1164
19.6344568729 1163
19.6514630318 1165
19.6654448509 1167
19.6679890156 1166
19.6847949028 1163
19.6992280483 1165
19.7014799118 1164
19.7184638977 1166
19.73269701 1168
19.7351119518 1167
19.7519888878 1169
19.7660779953 1171
19.7686018944 1170
19.7853760719 1172
19.7995688915 1174
19.8020019531 1173
19.8189690113 1175
19.8332159519 1177
19.8354730606 1176
19.852339983 1178
19.8665390015 1180
19.8689749241 1179
19.8857488632 1181
19.899985075 1183
19.9024920464 1182
19.9194459915 1184
19.9335670471 1186
19.9360089302 1185
19.9527368546 1187
19.9669599533 1189
19.9695968628 1188
19.9863569736 1190
20.0002379417 1192
20.0029840469 1191
20.0198159218 1193
20.0338258743 1195
20.036495924 1194
20.0533919334 1196
20.0675179958 1198
20.0700590611 1197
20.0869350433 1199
20.1011118889 1201
20.1034739017 1200
20.1204278469 1202
20.1342880726 1204
20.136911869 1203
20.1539309025 1205
20.1680240631 1207
20.1704859734 1206
20.1874420643 1208
20.2014970779 1210
20.2040829659 1209
20.220774889 1211
20.2244188786 2
20.2259268761 1163
20.2345049381 1213
20.2417809963 1212
20.250150919 1166
20.2585420609 1214
20.2684550285 1216
20.2753000259 1215
20.2836389542 1169
20.2920889854 1217
20.3019280434 1219
20.3088788986 1218
20.3171639442 1172
20.3255529404 1220
20.3353638649 1222
20.3422870636 1221
20.3507359028 1175
20.3590579033 1223
20.3689000607 1225
20.3758120537 1224
20.3841710091 1178
20.3926010132 1226
20.4024899006 1228
20.4093718529 1227
20.41771698 1181
20.4261000156 1229
20.4356839657 1231
20.4428560734 1230
20.4512078762 1184
20.4596569538 1232
20.4694578648 1234
20.4763410091 1233
20.48467803 1187
20.4930839539 1235
20.5028328896 1237
20.5099179745 1236
20.5201420784 1190
20.5265378952 1238
20.5360589027 1240
20.5433139801 1239
20.5516479015 1193
20.5600390434 1241
20.5696880817 1243
20.5767719746 1242
20.5852298737 1196
20.5936119556 1244
20.6031730175 1246
20.6103329659 1245
20.6186680794 1199
20.627081871 1247
20.6367008686 1249
20.643750906 1248
20.6521370411 1202
20.6605319977 1250
20.6703979969 1252
20.6773049831 1248
20.6856510639 1249
20.6940820217 1247
20.7037270069 1250
20.7107970715 1252
20.7192349434 1256
20.7275800705 1251
20.7371358871 1253
20.7443070412 1255
20.7526669502 1263
20.7610960007 1254
20.770813942 1257
20.7778379917 1259
20.7861499786 1270
20.7945609093 1258
20.8042838573 1260
20.8113689423 1262
20.8196630478 1277
20.8280129433 1261
20.8380389214 1264
20.8447890282 1266
20.8531548977 1284
20.8615100384 1265
20.8714389801 1267
20.8783340454 1269
20.8866319656 1291
20.8950769901 1268
20.905025959 1271
20.9118189812 1273
20.9201250076 1298
20.9286019802 1272
20.9383640289 1274
20.945276022 1276
20.9536240101 1305
20.9620709419 1275
20.9716389179 1278
20.9787430763 1280
20.9871258736 1312
20.9955768585 1279
21.0053379536 1281
21.0122618675 1283
21.0206730366 1319
21.029075861 1282
21.0389740467 1285
21.0458459854 1287
21.0542049408 1326
21.062568903 1286
21.0723400116 1288
21.0793259144 1290
21.0877120495 1333
21.0961039066 1289
21.1060190201 1292
21.1128149033 1294
21.1212329865 1340
21.1295399666 1293
21.1394329071 1295
21.1462788582 1297
21.1546809673 1347
21.1630320549 1296
21.1727490425 1299
21.1797940731 1301
21.1881849766 1354
21.1965758801 1300
21.2083878517 1302
21.2133629322 1304
21.2216870785 1361
21.2300460339 1303
21.2396190166 1306
21.2467579842 1308
21.2551779747 1368
21.2635250092 1307
21.2733199596 1309
21.2802839279 1311
21.2886278629 1375
21.2970499992 1310
21.3068618774 1313
21.3138289452 1315
21.3222110271 1382
21.3306648731 1314
21.3405389786 1316
21.347317934 1318
21.3556599617 1389
21.3640580177 1317
21.3739249706 1320
21.3807530403 1322
21.3891499043 1396
21.3975129128 1321
21.4072649479 1323
21.4143240452 1325
21.4226679802 1403
21.4311108589 1324
21.4407320023 1327
21.4478199482 1329
21.4561839104 1410
21.4645628929 1328
21.4745678902 1330
21.4813020229 1332
21.4896440506 1417
21.4982018471 1331
21.5078799725 1334
21.5148429871 1336
21.5231809616 1424
21.531578064 1335
21.5412838459 1337
21.5482859612 1339
21.5567419529 1431
21.5651669502 1338
21.5750079155 1341
21.5820288658 1343
21.5902318954 1438
21.5985949039 1342
21.6085329056 1344
21.615350008 1346
21.6236889362 1445
21.6472969055 1345
21.6475889683 1348
21.6487648487 1350
21.6571319103 1452
21.6655960083 1349
21.6756429672 1351
21.682256937 1346
21.6906569004 1347
21.6990950108 1345
21.7090189457 1348
21.7157950401 1350
21.724173069 1351
21.7326300144 1349
21.7425179482 1352
21.7493078709 1354
21.7576799393 1355
21.7661240101 1353
21.7761809826 1356
21.7828600407 1358
21.7911789417 1359
21.7996449471 1357
21.8093500137 1360
21.8163070679 1362
21.8247609138 1363
21.8331558704 1361
21.8430409431 1364
21.8497779369 1366
21.8581769466 1367
21.8666288853 1365
21.8763570786 1368
21.8833699226 1370
21.891669035 1371
21.9001629353 1369
21.9099369049 1372
21.9168579578 1374
21.9251899719 1375
21.9335339069 1373
21.943418026 1376
21.9502689838 1378
21.9587650299 1379
21.9670219421 1377
21.9770178795 1380
21.9837880135 1382
21.9921369553 1383
22.0005459785 1381
22.0103828907 1384
22.0172848701 1386
22.0256738663 1387
22.0340969563 1385
22.0438549519 1388
22.0507769585 1390
22.0591239929 1391
22.0675940514 1389
22.0773239136 1392
22.0843069553 1394
22.0927350521 1395
22.101033926 1393
22.1109340191 1396
22.1177618504 1398
22.1262300014 1399
22.1346058846 1397
22.1443190575 1400
22.1513290405 1402
22.1596989632 1403
22.168104887 1401
22.1778619289 1404
22.1848108768 1406
22.1931729317 1407
22.2015738487 1405
22.211466074 1408
22.2183258533 1410
22.2267758846 1411
22.2350668907 1409
22.2449409962 1412
22.2518248558 1414
22.2602200508 1415
22.2686359882 1413
22.2785458565 1416
22.2853090763 1418
22.2936940193 1419
22.302134037 1417
22.3120498657 1420
22.3188309669 1422
22.3272349834 1423
22.3356099129 1421
22.3453369141 1424
22.3523349762 1426
22.360667944 1427
22.3690469265 1425
22.3790149689 1428
22.3858439922 1430
22.3941960335 1431
22.402504921 1429
22.4124760628 1432
22.4193360806 1434
22.4277179241 1435
22.4360749722 1433
22.4460549355 1436
22.4528138638 1438
22.4612798691 1439
22.4695880413 1437
22.4795870781 1440
22.4863638878 1442
22.4947290421 1443
22.5031690598 1441
22.5129170418 1444
22.5198419094 1446
22.5282289982 1447
22.5366518497 1445
22.5465400219 1448
22.5534310341 1450
22.5617280006 1451
22.5701050758 1449
22.580051899 1452
22.5869209766 1454
22.5952150822 1455
22.6036219597 1453
22.6136639118 1456
22.6203389168 1458
22.6286680698 1459
22.6370830536 1457
22.6467709541 1460
22.6538200378 1462
22.662252903 1463
22.6705470085 1461
22.6801400185 1464
22.687281847 1458
22.6956419945 1459
22.704048872 1457
22.7141020298 1460
22.7208280563 1462
22.7291970253 1463
22.7375650406 1461
22.7474780083 1464
22.7543258667 1466
22.7627010345 1467
22.7711179256 1465
22.7809419632 1468
22.7878379822 1470
22.7962050438 1471
22.8045809269 1469
22.8143959045 1472
22.821395874 1474
22.8296949863 1475
22.8380918503 1473
22.8478858471 1476
22.8549339771 1478
22.8631830215 1479
22.8716039658 1477
22.8813619614 1480
22.8883910179 1482
22.8966419697 1483
22.905025959 1481
22.9147729874 1484
22.9218049049 1486
22.9301879406 1487
22.9385409355 1485
22.9484000206 1488
22.9552819729 1490
22.9636340141 1491
22.9720380306 1489
22.9817268848 1492
22.9887869358 1494
22.9971759319 1495
23.0055370331 1493
23.0155639648 1496
23.0222928524 1498
23.0306620598 1499
23.0390329361 1497
23.048774004 1500
23.0557849407 1502
23.0641479492 1503
23.0725538731 1501
23.0829570293 1504
23.0893499851 1506
23.0977070332 1507
23.1061189175 1505
23.115913868 1508
23.1228439808 1510
23.1311509609 1511
23.1395719051 1509
23.149422884 1512
23.1563088894 1514
23.1646449566 1515
23.1730189323 1513
23.1828870773 1516
23.1897680759 1518
23.1983439922 1519
23.2068629265 1517
23.2165119648 1520
23.2312870026 1522
23.2316980362 1523
23.2400870323 1521
23.2505199909 1524
23.2568209171 1526
23.2651500702 1527
23.2735500336 1525
23.2833399773 1528
23.2903330326 1530
23.2986888885 1531
23.3070499897 1529
23.3168818951 1532
23.3238048553 1534
23.33228302 1535
23.3405530453 1533
23.3505010605 1536
23.3573138714 1538
23.3656959534 1539
23.3740530014 1537
23.3840639591 1540
23.390775919 1542
23.3991420269 1543
23.4076290131 1541
23.4175450802 1544
23.4242730141 1546
23.4326589108 1547
23.4410488605 1545
23.4508969784 1548
23.457859993 1550
23.4661588669 1551
23.4745800495 1549
23.484377861 1552
23.4912679195 1554
23.4996590614 1555
23.5080108643 1553
23.5176858902 1556
23.5247619152 1558
23.5331549644 1559
23.5415589809 1557
23.551306963 1560
23.5582950115 1562
23.5666570663 1563
23.5750339031 1561
23.5878870487 1566
23.5917599201 1564
23.600151062 1567
23.6085190773 1565
23.6185178757 1568
23.6252920628 1570
23.6336610317 1571
23.6420650482 1569
23.6518368721 1572
23.6588120461 1574
23.6671888828 1575
23.6755239964 1573
23.6853158474 1576
23.6923398972 1570
23.7007439137 1571
23.7090449333 1569
23.7189040184 1572
23.7257759571 1574
23.7343330383 1575
23.7426109314 1573
23.7524650097 1576
23.7592668533 1578
23.7676980495 1579
23.7760519981 1577
23.78606987 1580
23.7927899361 1582
23.8012309074 1583
23.8095500469 1581
23.8195819855 1584
23.8263008595 1586
23.8346889019 1587
23.8430478573 1585
23.8528869152 1588
23.859787941 1590
23.8681800365 1591
23.8765630722 1589
23.8863658905 1592
23.8933179379 1594
23.901704073 1595
23.9101068974 1593
23.9198448658 1596
23.9267749786 1598
23.9351620674 1599
23.9435360432 1597
23.9542059898 1600
23.9602999687 1602
23.9686748981 1603
23.9770228863 1601
23.9867110252 1604
23.9937689304 1606
24.0023069382 1607
24.0105268955 1605
24.0203208923 1608
24.027299881 1610
24.0356860161 1611
24.044054985 1609
24.0536139011 1612
24.0607850552 1614
24.0692708492 1615
24.0875430107 1616
24.0897300243 1618
24.1022539139 1619
24.1210520267 1620
24.123363018 1622
24.1358618736 1623
24.1543848515 1624
24.1567518711 1626
24.1692779064 1627
24.1879940033 1628
24.1903500557 1630
24.202849865 1631
24.2215690613 1632
24.223747015 1634
24.2362189293 1635
24.254999876 1636
24.257133007 1638
24.2697920799 1639
24.2882599831 1640
24.2910339832 1642
24.303278923 1643
24.3219878674 1644
24.3241939545 1646
24.3369870186 1647
24.3553879261 1648
24.3582818508 1650
24.3702988625 1651
24.3889479637 1652
24.3913519382 1654
24.4038028717 1655
24.4225800037 1656
24.4249339104 1658
24.4372289181 1659
24.4559540749 1660
24.4587619305 1662
24.4708590508 1663
24.4894239902 1664
24.4918038845 1666
24.5042328835 1667
24.5227119923 1668
24.5253088474 1670
24.5376908779 1671
24.5561349392 1672
24.5587499142 1674
24.57117486 1675
24.589607954 1676
24.5922629833 1678
24.607656002 1679
24.623306036 1680
24.6259908676 1682
24.6389548779 1683
24.6621799469 1686
24.6630909443 1684
24.6716189384 1687
24.6903219223 1688
24.6935219765 1690
24.7051589489 1691
24.723731041 1616
24.7264618874 1614
24.7387459278 1615
24.7574338913 1619
24.7600119114 1617
24.772341013 1618
24.7910180092 1623
24.793487072 1621
24.805918932 1622
24.8245379925 1626
24.8270058632 1624
24.8393809795 1625
24.8579740524 1630
24.8603858948 1628
24.8728489876 1629
24.8912448883 1633
24.8938138485 1631
24.9061858654 1632
24.9246609211 1637
24.9272930622 1635
24.9396898746 1636
24.9583890438 1640
24.9608750343 1638
24.9731938839 1639
24.9919178486 1644
24.994385004 1642
25.0066740513 1643
25.0252239704 1647
25.0278329849 1645
25.040252924 1646
25.0588400364 1651
25.0612809658 1649
25.0737240314 1650
25.0923578739 1654
25.0948550701 1652
25.1071560383 1653
25.1261339188 1658
25.1285009384 1656
25.1407649517 1657
25.1594629288 1661
25.1618490219 1659
25.1741569042 1660
25.192980051 1665
25.1953880787 1663
25.2078180313 1664
25.2263100147 1668
25.2286639214 1666
25.2413189411 1667
25.2599349022 1672
25.2621660233 1670
25.274782896 1671
25.2934038639 1675
25.2957139015 1673
25.3082659245 1674
25.3268909454 1679
25.3291108608 1677
25.3417859077 1678
25.3606650829 1682
25.3628540039 1680
25.3752398491 1681
25.394108057 1686
25.3961648941 1684
25.40883708 1685
25.4274089336 1689
25.4298579693 1687
25.4423420429 1688
25.4612150192 1693
25.4633309841 1691
25.4758319855 1692
25.4943909645 1696
25.4967260361 1694
25.5093388557 1695
25.5281729698 1700
25.5303659439 1698
25.5428180695 1699
25.5613729954 1703
25.5638618469 1701
25.5762910843 1702
25.5951550007 1707
25.5997030735 1705
25.6097810268 1706
25.6283619404 1710
25.6312198639 1708
25.6432039738 1709
25.6616618633 1714
25.6641030312 1712
25.6768529415 1713
25.6955399513 1717
25.6978619099 1715
25.7105588913 1613
25.7290539742 1613
25.7312488556 1613
25.7437050343 1614
25.7624149323 1615
25.7648279667 1616
25.7771430016 1616
25.7958760262 1616
25.7983939648 1619
25.8107130527 1617
25.829488039 1618
25.832201004 1622
25.8442089558 1619
25.8629858494 1619
25.8653640747 1625
25.8777489662 1620
25.8963260651 1621
25.898804903 1628
25.9112410545 1622
25.9299058914 1622
25.9323079586 1631
25.9447219372 1623
25.9635310173 1624
25.9657578468 1634
25.9781820774 1625
25.9970669746 1625
25.9992568493 1637
26.011649847 1626
26.0305149555 1627
26.0327210426 1640
26.0451509953 1628
26.0639500618 1628
26.0662078857 1643
26.0787279606 1629
26.0975160599 1630
26.0998518467 1646
26.1122760773 1631
26.131057024 1631
26.1331660748 1649
26.1457929611 1632
26.1660819054 1633
26.1669518948 1652
26.1792590618 1634
26.1993360519 1634
26.2002768517 1655
26.2127690315 1635
26.2328169346 1636
26.2338829041 1658
26.2461769581 1637
26.2669949532 1637
26.267580986 1661
26.2797188759 1638
26.2996709347 1639
26.3006050587 1664
26.3131020069 1640
26.3337409496 1640
26.3343660831 1667
26.3466949463 1641
26.3669428825 1642
26.3679189682 1670
26.3802628517 1643
26.4004778862 1643
26.4014210701 1673
26.4137768745 1644
26.4339220524 1645
26.4348750114 1676
26.4472448826 1646
26.4678959846 1646
26.4683830738 1679
26.4806640148 1647
26.5010700226 1648
26.5017888546 1682
26.5142228603 1649
26.5344889164 1649
26.535326004 1685
26.5477499962 1650
26.567964077 1651
26.5687539577 1688
26.5812020302 1652
26.6016869545 1652
26.6024398804 1691
26.6146879196 1653
26.634791851 1654
26.6357638836 1694
26.648154974 1655
26.6683149338 1655
26.6693439484 1697
26.6816358566 1656
26.7017350197 1657
26.7029628754 1700
26.7153890133 1669
26.7352809906 1669
26.7361030579 1669
26.748705864 1670
26.7688229084 1671
26.7697598934 1672
26.7822480202 1672
26.8025379181 1672
26.8033008575 1675
26.8157548904 1673
26.8361179829 1674
26.8368868828 1678
26.8492870331 1675
26.8694648743 1675
26.8703730106 1681
26.8826608658 1676
26.9030079842 1677
26.9040050507 1684
26.916228056 1678
26.9364659786 1678
26.9374918938 1687
26.9496948719 1679
26.9701299667 1680
26.9710319042 1690
26.983217001 1681
27.0035359859 1681
27.004586935 1693
27.016728878 1682
27.0369369984 1683
27.0379960537 1696
27.0502970219 1684
27.0714740753 1684
27.0717730522 1699
27.0838088989 1685
27.104184866 1686
27.1049900055 1702
27.117210865 1687
27.1374299526 1687
27.1385190487 1705
27.1507098675 1688
27.1712510586 1689
27.1720299721 1708
27.1843559742 1690
27.2045910358 1690
27.2054159641 1711
27.2177419662 1691
27.2380230427 1692
27.2389879227 1714
27.2513110638 1693
27.2717750072 1693
27.2724690437 1717
27.2848889828 1694
27.3051240444 1695
27.3059170246 1720
27.3182690144 1696
27.3385589123 1696
27.3395009041 1723
27.3516700268 1697
27.3720750809 1698
27.3729119301 1726
27.3851509094 1699
27.4054749012 1699
27.4064390659 1729
27.4187459946 1700
27.4389100075 1701
27.439852953 1732
27.4524350166 1702
27.472548008 1702
27.473443985 1735
27.4857308865 1703
27.5059728622 1704
27.5069279671 1738
27.5191969872 1705
27.5396158695 1705
27.540407896 1741
27.5528659821 1706
27.5730919838 1707
27.573941946 1744
27.5864679813 1708
27.6066529751 1708
27.6075160503 1747
27.6196830273 1709
27.6401209831 1710
27.6410520077 1750
27.6532850266 1711
27.6736609936 1711
27.676789999 1753
27.6866178513 1712
27.7072620392 1713
27.7082688808 1756
27.7202060223 1716
27.7402770519 1716
27.7413349152 1716
27.7537100315 1717
27.7740478516 1718
27.7749710083 1719
27.7873868942 1719
27.8076879978 1719
27.8086190224 1722
27.8209159374 1720
27.8409769535 1721
27.8420469761 1725
27.8542120457 1722
27.8745620251 1722
27.8756248951 1728
27.8877449036 1723
27.9080369473 1724
27.9089789391 1731
27.9211900234 1725
27.9415738583 1725
27.9425599575 1734
27.954611063 1726
27.9752130508 1727
27.9760599136 1737
27.9881639481 1728
28.0083138943 1728
28.0094790459 1740
28.0216529369 1729
28.041686058 1730
28.0429210663 1743
28.055118084 1731
28.0755589008 1731
28.0765058994 1746
28.0887360573 1732
28.1087939739 1733
28.109910965 1749
28.1221580505 1734
28.1425669193 1734
28.1432659626 1752
28.1556780338 1735
28.1760509014 1736
28.1769268513 1755
28.189729929 1737
28.2094130516 1737
28.2106039524 1758
28.2227108479 1738
28.2429509163 1739
28.2439410686 1761
28.2562279701 1740
28.2765488625 1740
28.2774889469 1764
28.2897799015 1741
28.3098599911 1742
28.3110818863 1767
28.3232028484 1743
28.3455269337 1743
28.3458230495 1770
28.3570230007 1744
28.3769629002 1745
28.3782110214 1773
28.3902099133 1746
28.4106280804 1746
28.4115040302 1776
28.4238209724 1747
28.4440560341 1748
28.4449729919 1779
28.4575710297 1749
28.4775989056 1749
28.478566885 1782
28.4907860756 1750
28.5111169815 1751
28.5121259689 1785
28.5242390633 1752
28.5447728634 1752
28.5454940796 1788
28.557710886 1753
28.5792560577 1791
28.5848040581 1754
28.5941839218 1755
28.6111819744 1755
28.612251997 1794
28.624753952 1756
28.6450839043 1757
28.6460039616 1797
28.6581668854 1758
28.6784238815 1758
28.6793949604 1800
28.6919429302 1759
28.7120509148 1760
28.7131810188 1803
28.7252650261 1759
28.7453858852 1759
28.7466840744 1759
28.7587709427 1760
28.77896595 1761
28.7801949978 1762
28.7922558784 1762
28.8125259876 1762
28.8136520386 1765
28.8257029057 1763
28.8459758759 1764
28.8469219208 1768
28.8591580391 1765
28.8796858788 1765
28.880480051 1771
28.8927669525 1766
28.9132208824 1767
28.9141299725 1774
28.9262750149 1768
28.9466810226 1768
28.9476618767 1777
28.9598689079 1769
28.9806280136 1770
28.9814209938 1780
28.9931900501 1771
29.0133669376 1771
29.0145530701 1783
29.0275979042 1772
29.0468900204 1773
29.0481488705 1786
29.0609738827 1774
29.0803790092 1774
29.0813729763 1789
29.0946660042 1775
29.1141469479 1776
29.1148068905 1792
29.128139019 1777
29.1477899551 1777
29.1485960484 1795
29.1614968777 1778
29.1811199188 1779
29.1821460724 1798
29.1949629784 1780
29.2147789001 1780
29.2156500816 1801
29.2284469604 1781
29.248347044 1782
29.2492079735 1804
29.2619359493 1783
29.2818210125 1783
29.2831869125 1807
29.2953910828 1784
29.3149628639 1785
29.3159930706 1810
29.329171896 1786
29.3482170105 1786
29.3492729664 1813
29.3625130653 1787
29.3818669319 1788
29.3828110695 1816
29.3959870338 1789
29.4156088829 1789
29.4164290428 1819
29.429516077 1790
29.4490499496 1791
29.4499189854 1822
29.4632160664 1792
29.4827179909 1792
29.4832570553 1825
29.4965150356 1793
29.5161209106 1794
29.516835928 1828
29.529873848 1795
29.549836874 1795
29.5505559444 1831
29.563462019 1796
29.583411932 1797
29.5839848518 1834
29.5969769955 1798
29.6166958809 1798
29.6170840263 1837
29.6305670738 1799
29.6507968903 1840
29.6553189754 1800
29.6639618874 1801
29.6837439537 1801
29.6843559742 1843
29.6978139877 1802
29.7172029018 1803
29.7175769806 1846
29.7309529781 1802
29.7507328987 1802
29.7514009476 1802
29.7644488811 1803
29.7840368748 1804
29.7847979069 1805
29.7981059551 1805
29.8176329136 1805
29.8184309006 1808
29.8317508698 1806
29.8512940407 1807
29.8520569801 1811
29.8650019169 1808
29.8846869469 1808
29.8853549957 1814
29.8986120224 1809
29.9182639122 1810
29.9188649654 1817
29.931910038 1811
29.9518630505 1811
29.9525430202 1820
29.9657309055 1812
29.9850878716 1813
29.9864878654 1823
29.9989578724 1814
30.0182769299 1814
